tx=-0.3280372
ty=0.2534322
tz=2.797088
