tx=0.1064312
ty=0.03792362
tz=-0.2582381
rx=275.0905
ry=136.836
rz=49.1964
